-246.56119413072472
10736.559313984328
2403.4118066965325
2172.7642529293316
5999.210213299331
7963.056820550613
4683.449446997422
2089.267781554956
4345.217812427626
796.035303384346
2130.908162115801
1039.7761970943063
1110.401463891525
3317.364294541493
1294.090227667897
-3999.444253897385
695.8488685090838
-984.9330324635232
-4345.857496964493
-412.4110472224321
2365.970937702719
685.612179711117
1742.6992144035835
-239.85687599334048
566.7080929585726
4333.773592688225
343.5951761535277
4006.9897397310183
246.0559195140022
35.259458585765294
-406.0065058801898
1894.8914199387507
1576.158790579272
60.75639508151683
1397.4702431042026
927.636012892307
-1388.8610594693134
-85.91946296663771
821.869423855995
2147.9181074780413
-2802.2168222483624
-8.523518421398377
2360.145034288369
2298.8839642000517
-2148.6850056152634
-320.14478499019106
2507.4050695918704
-401.3823992360326
-3452.5542453072608
5164.224138232043
1536.1292588873355
-2990.155418432619
6848.154105941191
3537.8935571491447
1563.3296289147777
-183.13978286047546
1232.9811130209505
-1575.8823465688145
4168.0061354202735
-4118.8417485465
-484.9008031419626
-628.0771251338598
-340.59183558650477
4841.70766908432
-7.160429123481597
-2408.3000483523483
126.41524921526567
