1.729520215334898081e+00
6.862783090669588582e-01
-1.497611198239382047e+00
-3.978729037748081954e+00
-2.350945663024313070e+00
3.169976980694497737e+00
-2.102686261364232312e+00
-1.585137137081358505e+00
-9.612174940650107802e-01
-2.116050694076347050e+00
3.492941308820944446e+00
-2.723404925684314026e+00
-2.419785193869945950e+00
-1.455205449119704175e+00
-2.160584195282224673e+00
-2.640330522412558611e+00
1.964603165361120229e+00
5.152756013677401992e-01
-2.040371515040024342e+00
1.600078576063157287e+00
-1.980444140470912107e+00
-1.298695658235618833e+00
-1.582103447911630045e+00
-6.082191268680854357e-01
-1.103413720220558947e+00
-1.310636598375095607e-01
-1.518477310519458445e+00
-1.829533898702553563e+00
-7.357732331416133587e-01
-2.312519750373152050e+00
-1.404814728968439619e+00
-1.427873454699541078e+00
-1.510532980221659827e+00
-2.047643536610492365e+00
4.677662244735972252e-01
-2.416998003470359091e+00
-1.380239482315698929e+00
-2.346950990194482500e+00
-2.817228349689394840e+00
-1.497083200352105070e+00
-3.169413715985261337e+00
-2.006664563554628966e+00
-1.648705361685758319e+00
-2.116453641426719656e+00
-1.869658815428653531e+00
-2.962571381656907477e+00
-4.519587111054809370e+00
1.600554457200354497e+00
-1.517582133041102788e+00
-4.863388955352417331e-01
1.704688030125605935e-01
-1.335383507833262540e+00
-2.933066538090345787e+00
1.333126214863711301e+00
-2.604792816755046481e+00
2.767933184513287070e+00
-1.000661986769534995e+00
-9.982748752123602465e-01
-2.490020611467575584e+00
-7.901363631339034660e-03
4.719474637910440751e-01
-1.833693050960416793e+00
-1.998701190554762475e+00
-2.252707797924890176e+00
-4.341188015105616471e-01
-2.981048959161922252e+00
-1.488475131814454899e+00
-2.180406890790692831e+00
-2.628863028769172328e+00
-2.482352869593852596e+00
-9.488425431320678394e-01
-1.664632020082646324e+00
-1.624554505553376549e+00
-9.575014373860069039e-01
2.530855091810048307e+00
-1.079906714924760314e+00
-1.896339580137579528e+00
-8.312550621775789406e-01
-1.048497676218873575e+00
-1.667611136269923966e+00
-1.515721954849117425e+00
-2.772817172354129056e+00
-2.837920257089267650e+00
-1.464386030160834906e+00
-1.240631378253849393e+00
1.196507256727985080e+00
4.222359443810825841e-01
-4.479657772663223625e-01
-2.050525810802835469e+00
-1.267004529683833258e+00
-8.852942441078675007e-01
-8.633191168036613572e-02
-1.600233273821306312e+00
-2.640775291157306359e+00
-2.680953812984992357e+00
-3.597516692905599611e-01
-1.696790662830194751e+00
-7.523104506459079577e-01
1.788357704532214987e+00
2.147811797437475967e+00
-1.462677916877693107e+00
-3.174478139909955865e-01
1.438160510816412607e+00
-3.322514255482286405e+00
-1.051214813779800750e+00
-1.726660885034250414e+00
-1.286403875307401412e+00
2.272530324351460518e+00
5.206706334227955146e-01
-2.466628231944361371e-01
-1.873567715424181879e+00
-2.103179727322422643e+00
-1.553592413678428930e+00
-1.909223151953271858e+00
-2.390116765554876732e+00
-7.205176913492984392e-01
-1.901327863665252638e+00
-2.293456191170713421e+00
-3.267422559926738135e+00
-2.355439035554653060e+00
-3.810663637637444090e+00
-1.617661961308745955e+00
-1.234706288710381905e+00
-1.766364059914847129e+00
-1.500347098567682558e+00
-1.361342128428181031e+00
-3.442224320471460319e-01
-1.598585199402026591e+00
-1.487193109552382930e+00
-1.954770496830308124e+00
-2.284389145699400991e+00
-1.923171432766719757e+00
-2.001823586441634273e+00
-1.244921789312678939e+00
-1.557260409889546615e+00
-2.327034847485043745e+00
-1.301752565216081070e+00
-8.974040418045647893e-01
-2.637565599392016624e-01
-9.778004312243715468e-01
-1.617001907101778047e+00
-9.176384762071025936e-01
-2.427521800902514126e+00
-1.053503401666767703e+00
4.384683523487222789e-01
-5.967155235273853275e-01
-3.056905225112616642e-01
-1.881421399840684794e+00
-2.489770561264276760e-01
-1.813506633345402630e+00
-8.614884597067883343e-01
-1.255785271438105699e+00
-2.869872807258535552e+00
-2.482986268543613484e+00
-1.070479739392096619e+00
-1.159745962178059031e+00
-1.193745260196889868e+00
-1.745855486844997972e-01
-1.782545547980273648e+00
-4.271753952109614283e-01
-2.013598003814109028e+00
5.027276807393048053e+00
2.598261978170556930e+00
-2.058846703074351137e+00
-1.400923325163737410e+00
-8.483544888431874265e-01
4.488225774616710240e+00
2.178177603638791204e+00
1.557226207752306912e+00
-8.343883536748325502e-01
-2.589748562400437937e+00
-1.610882476365223859e+00
1.405069937170383421e+00
2.004925644071759550e+00
-1.764247983732474045e+00
1.325766287971046342e+00
2.534290360841504164e+00
1.726830432762881951e-01
-6.150392633577687063e-01
1.583011699888501322e+00
-8.837935733388532222e-01
-1.544506828863024372e+00
-1.153664047980405560e-01
-2.617409871943228161e+00
-2.029257971642919767e+00
-1.728983218669666977e+00
-5.247766986771705833e-01
-9.258589620350049509e-01
2.705035413539228273e+00
-1.949355873947574480e+00
-1.615656597800088745e+00
-3.885194378066453069e+00
-2.236074452940094659e+00
-2.840005102775690071e-01
-2.187401227742033605e+00
-7.147019080227783316e-01
-1.672794215786586047e+00
-2.662824325067750575e+00
-2.353021279477998107e+00
-1.985767904127271333e+00
1.482112441084814103e+00
-5.007033489689147743e-01
-1.645493998173326089e+00
-4.431588738934380878e+00
-1.671023907681361553e+00
-1.301978528585244765e+00
-4.611136142573171032e-02
4.440680762386480795e-01
-1.807942672070913082e+00
-5.280572081173171561e-01
-1.706570001667951253e+00
-1.577378217225311463e+00
-3.530704384037032906e+00
5.463871984194309389e-02
2.604079901464700697e+00
-1.819469289156624869e+00
-1.780991714639296841e+00
-1.706983358479768897e+00
5.150171705999461169e-01
-1.558027800779469230e+00
-4.149717070234208438e-01
4.309555950032829819e-02
-1.212210067600508756e+00
-3.070305477598561428e+00
-1.229477873767477636e+00
-3.264329034692934783e+00
-2.289302319816222564e+00
-1.551796945090660573e+00
-1.135129356343680618e+00
-2.827527353025136581e+00
-1.653319204762541794e+00
2.145556179203722200e-02
-2.902663639504502235e+00
-2.156794289690034283e+00
-2.990358093769333037e-01
-7.332429302906273705e-01
-1.028855856695804150e+00
-9.708698022125734628e-01
-1.340150466754262748e+00
-2.390294267017800678e+00
3.250650969787902689e+00
-1.022501821962707114e+00
-2.112523611264706336e+00
-1.909373966061499450e+00
2.646437146306964028e+00
-2.339189309002709827e+00
-1.636750506882780343e+00
-1.737429097141293566e+00
-5.046306652546876936e-01
2.711314097221802832e+00
5.060498264627858456e-01
-4.356630121950176848e-01
-2.972795834700558970e+00
-8.834544859153515839e-01
-2.514261028846739521e+00
-7.383770537527944988e-01
-9.809060238398356057e-01
-3.104567870880598490e-01
-1.751078833849009309e+00
-6.868270967910945490e-01
5.731841192645511507e-01
-4.836917263147752166e+00
-1.838672639105352280e+00
-2.186981626575792426e+00
3.351026552101362466e+00
2.589352886507228391e+00
-4.720021546103904342e+00
-3.976254484939017453e-01
-2.377402691771324683e+00
-1.956736902302894210e+00
-6.511453863655601859e-01
-2.261377179112847191e+00
-1.626671506002838719e+00
-1.678439517430991179e+00
2.777004040256316197e-01
-6.160670029359293677e-03
-1.200160198703217773e+00
-8.838658051280012806e-01
-2.137352184706902136e+00
-8.755144783241821660e-01
2.150286702554607132e-01
-2.576144566287663640e+00
-1.546116484449046036e+00
-5.913555467248855502e-01
-2.990671367026946026e+00
4.239141076733631275e-01
-1.864112607278332279e+00
-2.492429569191744743e-01
-2.661604214419991177e+00
-1.081297961643539418e+00
-1.877545184429376679e+00
-1.828916310974092241e+00
-1.791782587751853173e+00
1.105381691187275583e+00
-3.667042854292354548e+00
-6.620043082460140837e-01
-2.735120040662507801e+00
-1.880801632607719709e+00
-1.390015252675404822e+00
-2.514411876705296311e+00
-5.429283038526383498e-01
-1.030698483867413584e+00
-2.072381800420269204e+00
-9.188618391247767025e-01
-2.465375986004998854e+00
-1.075442219062369364e+00
1.561037267406885976e+00
1.736733803206224128e-02
-1.799150384241906542e+00
2.914053413976404716e+00
-1.483515410009647040e+00
-2.390125901589455815e+00
3.675935525723945663e+00
-5.799515758455948689e-01
-1.642097036059094073e+00
3.407724975805103806e+00
-6.301869541438571698e-01
-2.226185408557567857e+00
-8.398318700899882749e-01
-6.684351460193815875e-01
-2.485513134037458993e+00
-1.241131176200483743e+00
-1.314163701619844415e+00
-2.319964073000021276e+00
-1.126970322536232860e+00
-1.054603844939592250e+00
-4.400067760264549932e-01
-8.794628271765797534e-01
-3.768338378658949717e-01
-1.320573126889134974e+00
-1.214610381267640538e+00
2.246962884223585366e+00
-2.120686733840836613e+00
-5.001775184525022455e-01
9.133826600865149192e-01
3.539961279087998847e+00
9.467575443954961978e-01
-1.501815631779724436e+00
-1.457554416103706174e+00
-6.092848057872874978e-01
1.173017591402640558e-01
-1.670567919161803028e+00
-1.591858914056339502e+00
-1.647275307631029584e+00
-1.701408063656646208e+00
2.757591104808801763e+00
-9.854699792962857696e-01
-6.916504558504478206e-01
9.147276278788053494e-01
-2.087844887461914212e+00
1.860973987104092009e-01
6.340337853468318574e-01
-1.856629213869842143e+00
-2.560995385477464303e+00
-1.713557028053219300e+00
-1.298377455319590590e+00
-1.754286122030351835e-01
-1.522986747257077722e+00
-1.564002897632564171e+00
-1.358367478617751312e-01
-1.236287742770883158e+00
-2.481041873526056207e+00
-3.049933783556031397e+00
-1.770179894693769684e+00
-5.869282774994101226e-01
-2.195669531528622098e+00
-3.775062662753648546e+00
-1.490548075056969068e+00
-1.872727014472887141e+00
-1.049325419148377847e+00
-4.040430089993862772e+00
-1.388815838680867110e+00
-6.424932023011077353e-01
-8.057874749526225955e-01
4.360446355462729850e-01
-6.797133122416468831e-01
1.157456337207967145e-01
-1.616953448463716692e+00
-2.377334307069010610e-01
-1.619355716374907272e+00
-1.017925426953077750e+00
-3.277341981977538676e+00
1.786020492283856731e+00
-1.596769185655219359e-01
-1.358725232361029933e+00
-1.001350010602307439e+00
-9.819159846694276439e-01
-2.600425253656252433e+00
-3.134651271071891010e+00
-1.513570167726792093e+00
-1.055826380353143579e+00
-9.731348070422958518e-02
-1.946812499049017875e+00
-5.202257256075600855e-01
-9.507946063574648221e-01
-1.003379484663038390e+00
-7.202792623614440171e-01
-1.898341579201910934e+00
-2.311354801668974002e+00
-2.326486705230336405e+00
-1.485988082059212845e+00
-7.512256717552155960e-01
-1.268834026267682713e+00
-4.188938975664914466e+00
-9.564041386487662777e-01
6.726021178435107606e-01
-1.712704706221246154e+00
-7.018650703065335561e-01
-1.702782329473638279e-01
-1.030940024081438811e+00
3.914959440276143399e-01
-1.258642938196076866e+00
-1.058214603844249035e+00
-5.180237542346193269e-01
-1.182822141693804507e+00
-8.650247448439564169e-01
-1.131926953236550126e+00
-2.405948155306751435e+00
3.421659543654272717e+00
-7.756653126867733006e-01
3.910397859217705996e+00
-2.285281655318321281e+00
-1.268295799742991781e+00
-2.653104797291960804e+00
-7.796414029198317497e-01
-8.270094700206424010e-01
-1.158340822140895954e+00
-6.535891615742868144e-01
3.841721805047877414e+00
2.879113302345595038e+00
-1.764513084685085609e+00
-6.995749130976713914e-01
1.481444901218497368e+00
-3.026092974556060522e+00
9.575572804867936716e-01
-1.415990884383385495e+00
-1.445468324986731723e+00
-1.372563134228824033e+00
-1.966514403739284766e+00
-2.685446200130024774e+00
-1.526788805969979013e+00
1.701570560262728238e+00
-2.453866020711507723e+00
-2.069910948716493948e+00
-1.210166226815016843e+00
-2.383692565836122768e+00
-1.565400961273745173e+00
-1.389037071516077138e+00
-7.142037517301892402e-01
-1.160526570945127567e+00
2.008094631469647506e+00
-5.409568112651735872e-01
-2.324291353502718316e+00
-1.410483872481415490e+00
-9.409303602070996364e-01
-1.775051334481514420e+00
1.068720821190295656e+00
-7.833202842281876688e-01
-1.995719112583224764e+00
-6.477411588797105102e-01
-6.695852145826146629e-01
-1.986796613832325198e+00
-1.752011462109287043e+00
-8.939840508578013045e-01
-1.546568683885365392e+00
-3.527625601098474117e+00
-1.646491049601869427e+00
-3.928723607744728508e-01
3.435481349545078888e+00
-8.236550549139736166e-01
-2.429481634912889376e+00
-1.364571251204938385e+00
-1.350488478121773639e+00
-3.422051204714187111e-01
-1.077551844590773467e+00
-1.852584298375808736e+00
-1.191563276812331873e+00
5.411568115503800902e-02
-1.801886266199078657e+00
7.918109564612925144e-01
-1.196939558129028969e+00
-2.907123571130469930e+00
1.258316511330042908e-01
-3.377911218367559698e+00
5.936948637249042093e-01
6.866645657692537208e-01
-2.575616379168761405e+00
-1.635007946570685045e+00
-2.366556571845575441e+00
1.501717852844054235e+00
-1.666718585753456994e+00
-4.303410131924713111e-01
-1.420992211319837217e+00
-9.812617044394108534e-01
-1.589915729211748951e+00
-1.462842629516706294e+00
-1.635237704176064399e+00
-1.282430236852594385e+00
-8.363321738812038442e-01
5.390147143376108341e-01
2.587021877673633674e-01
-1.228744471801884064e+00
-1.937892001626013050e+00
-2.655149276382848811e+00
-2.030492389981055190e+00
-1.948356398798488875e+00
-1.894791476527339924e+00
4.322390743508990052e-02
-2.339765271307310712e+00
-2.714939226832562724e+00
-5.659270120720858444e-01
-3.087820006901805581e+00
-2.358049746073775488e+00
-4.761861192408571863e-01
-7.799691084985069800e-01
-2.641109255794198418e+00
-2.323237830052111264e+00
1.672114437288162225e+00
-4.858388446273027017e-01
1.168420929809143999e-01
-1.752076529247560410e+00
-1.901020995850678963e+00
-1.433658540366609335e+00
-4.253333196714814690e-01
-1.853316259331446503e+00
-1.269709742766555793e+00
2.944835431534535086e+00
-1.338444933455685160e+00
-4.221875620780501936e-01
-4.457753045309302276e-01
2.203410431130548019e+00
-1.851668319906245808e+00
-1.658457314081033696e+00
-1.126735445140873315e+00
-1.245513233038743506e+00
-2.914610890371565066e+00
-2.230824930256280203e-01
-1.520095444044158084e+00
-2.745380746376556047e+00
-1.893955890645316220e+00
-1.574799872335487683e+00
-5.699647597416878098e-01
-1.510008185447464735e+00
-1.471306654876288089e+00
-9.290745311514440052e-01
4.950469207591606802e-01
-2.365058317825727396e+00
-2.255581104184980035e+00
-1.067188068191138983e+00
3.041762734460287110e-01
-7.744291191205279201e-01
-1.065405211203006131e+00
-1.608033512343665095e+00
-2.564222616604862726e+00
-2.426536189149464118e+00
-1.578182669634552004e+00
3.197913031017573515e-01
-1.042378017688683656e+00
-2.836553453767812094e+00
2.223130717289263814e+00
-1.626097652986739917e+00
-1.352710912634946361e+00
-2.260063565251271722e+00
-3.285130011260756877e+00
-1.544687861229232961e+00
-2.630881046860558126e+00
-8.772439607635871273e-01
-2.355469477774093434e+00
-1.011637700572887599e+00
-1.857151175487537387e+00
2.578414737247383570e+00
-1.204453409597483038e+00
-1.006763630838298784e+00
-1.488769660863223487e+00
-8.699050719124126196e-01
-2.099776945991157273e+00
-1.269348999943839429e+00
-4.809260287607524109e-01
1.377307674531905057e+00
-2.130326917066666770e+00
-2.134233426118231858e+00
3.535861611810922067e+00
-2.379914324693594541e+00
-6.882324485722115526e-01
-1.223162368901692831e+00
-3.843360887233790102e+00
-1.268294918416674966e+00
2.624495918443637166e+00
-2.810250933760685133e-01
-7.624978918918273729e-01
3.079297227894010724e+00
2.692017751860000807e+00
-1.554471833184436935e+00
-2.061341568798882307e+00
-2.558957962336117387e+00
-3.379481667887184737e-01
9.224703867944330504e-01
-4.784605455771436255e-01
-3.403427898782048100e+00
-9.312784265753738522e-01
1.729983657651213980e-01
1.612005799247000715e+00
-1.601238063475393325e+00
-5.421379560631332417e+00
-1.421939134468721333e+00
-9.382824548890486560e-02
-3.095367325561376060e+00
-3.767481463078372617e-01
6.277322537864850338e-02
-1.227831898198849636e+00
-1.455889044955464895e+00
-2.548090554335546098e+00
-3.391182009934686103e+00
-1.202627788462450331e+00
-3.994709996844929112e+00
-8.619054118275866205e-01
-9.482222983996939636e-01
7.563219566502767943e-01
7.200625304321719433e-01
-1.225354454959131312e+00
-1.522036915472424257e+00
-9.435042009586765976e-01
-2.017917528330416488e+00
2.507474099834208658e+00
2.553859718896354547e+00
2.153477444343206759e+00
3.495031504621248786e-01
-1.146747327332922950e+00
-3.042065388707856144e+00
-2.481844505779330134e+00
-2.098954759017004346e+00
-1.298975472893176386e+00
-2.304352361263224402e+00
-2.874401067917810249e+00
3.593201661921641143e-01
-5.654929123278983338e-01
-2.098871865297672112e+00
-9.332698849952066888e-01
-4.245979941294507065e-01
-2.534496369565502949e+00
-3.708344689817902662e+00
-1.525915744096804083e+00
-1.241757858011536930e+00
-1.476564964106628741e+00
-1.931210154551694647e+00
-4.250484193799463739e+00
-1.890487802058506084e+00
-1.749994673636685594e+00
-2.197395437380982752e+00
-1.439701053989020707e+00
-1.412148241555141848e+00
-3.750062481843570716e-01
2.465289805519212951e+00
-1.498851073592813554e+00
-1.228394562508845711e+00
-1.953739669137822155e+00
-1.586828896841977921e+00
-1.544910981977671849e+00
-2.769008168120029811e+00
2.290013280230956738e+00
-1.434135287580201812e+00
-3.820195356948871690e-01
-2.042061420998933396e+00
-2.206119809380810537e+00
6.098626649476092121e-01
-3.029411384706282462e+00
-1.610136881306223344e+00
-2.382584579717042406e+00
-1.264906636804556950e+00
-2.579682635334699103e+00
-5.331653943617939984e-01
-2.477956058287815733e+00
-3.214639866397167811e+00
-1.260014822627592679e+00
-1.580290314485123027e+00
-1.908610466916423443e+00
1.460816062719493547e-01
-1.903041968882554613e+00
-1.726496733999118405e+00
-1.173696401083199836e+00
-6.486776118573661654e-01
-1.334149780895807380e+00
-3.096161411298417487e+00
-2.035319311363769312e+00
-1.916824153625737992e+00
-8.459101431688949013e-01
-1.378346913841600907e+00
-1.288330769706744539e+00
-2.187627995595704256e-01
-1.008618198177608338e+00
-7.913178633925148642e-01
-6.594092234294723909e-01
2.368677246587368224e+00
-2.818225783441828725e+00
-2.979865969969874850e+00
1.222218221001663066e-02
-1.370214679441277950e+00
2.769530245980263317e+00
-1.263165543363910626e+00
-1.325505802315713133e+00
-3.790680534663564694e-01
-1.480620569724300895e+00
2.958774869734577539e-02
-3.159702863986431964e+00
-1.691625366822313792e+00
-2.487283999085510011e+00
-1.476181999128033384e+00
1.440637796823730221e-01
-1.332893474544890600e+00
-1.636088228889383211e+00
-2.164790753386585387e-01
-2.616392868852436493e+00
-1.457882323287423620e+00
9.078174018887511521e-01
-1.793579460672442449e+00
-1.360795652086530083e+00
-2.235704897996662610e-01
2.413549925400926721e+00
-1.450551552828866830e+00
-1.430897825411271418e+00
-3.550862354122761855e-01
-2.874899927526558541e-01
-2.193167768976553855e+00
-1.749337272406508381e+00
-7.092304944553332602e-01
-1.801177799006846492e+00
-2.475367497743031553e+00
1.175011710214437510e+00
-8.023418051037021215e-01
-9.216982131811809476e-01
-2.032193465047022141e+00
-2.015165622329169626e+00
-1.450909902690524111e+00
-1.595505156883221698e+00
-2.141743418479021346e-02
6.470002634703478916e-01
-1.622280661360058440e+00
1.522202691711548095e+00
3.583098838042298340e+00
-1.871271673606179853e+00
-2.748484960719361325e+00
-5.430960041572265862e-01
-1.737878810190693013e+00
1.432391295951268795e+00
-1.284723812182487990e+00
-4.175604732024643440e+00
1.824621640485307728e+00
-9.486740388533907442e-01
1.586395948331374761e+00
-1.196592106125704325e+00
-2.108656121820807083e+00
-1.004812382424712824e+00
-4.480619186226290629e-01
-1.154265797985291941e+00
-1.164842858830205774e+00
-1.122038571674573548e+00
5.014510876543944867e-02
-7.837991216397591776e-01
8.398540881341409747e-02
-1.045421059549754395e+00
-7.987314621120175095e-01
-2.590743077483881773e+00
-1.386186451368105033e+00
3.399206057815020721e+00
-1.678539431179038699e+00
-6.680736816818855228e-01
-4.320368770663126634e-01
-4.873963793788125831e-01
-9.511119188298021443e-02
1.404760478894663711e+00
-1.824499824242023838e+00
-2.893104710745876496e+00
3.079040602060622689e+00
5.274029160002851047e-01
-2.725651856099785775e+00
1.485349537104091011e+00
-1.369433163932966879e+00
1.712349904646146559e+00
-1.996120155617472136e+00
-6.229060950739551128e-01
-2.743260239912521214e+00
-4.051988174327640913e+00
-1.549702017575947499e+00
-5.386148851161869089e-02
-1.250416807481285142e+00
-1.173488147196256604e+00
3.184358684855172150e+00
-1.152882274291660458e+00
-2.773095273307345732e+00
-1.651325141093634041e+00
-9.620049733861032459e-01
-7.035606555269542373e-01
-1.496172289681167333e+00
4.357389159402451639e+00
1.095923510257053479e+00
-1.606138029074827056e+00
-2.726376717558550489e+00
-1.673054035166950282e+00
-1.752746111380082628e+00
1.075896974959731578e+00
-5.842651707819749296e-01
-1.038694074454369787e+00
-1.799789446437708162e-01
1.841633044448689333e-02
1.989712971734891589e+00
-3.154854763651919303e+00
-1.915626618128938086e+00
-2.215897273937255996e+00
3.196859563351499123e+00
-1.384376901674429616e+00
-3.246005081009474491e+00
3.881860045281219751e+00
-2.041800524540749784e+00
5.373023737957817181e-01
-2.438265541445859164e+00
-1.974872165921346845e+00
-1.335448173636007985e+00
-1.598769381025175074e+00
-3.021467594104209287e+00
4.018387962425550852e-01
-3.744311517702908265e+00
1.194746174045334008e+00
-1.437256872004633479e+00
-2.410671446161175790e+00
-1.369026323799843015e+00
-7.616441671241794831e-01
-6.238760295504558462e-01
-8.899176280504581538e-01
-1.556865748031267760e+00
-1.684440199033547136e+00
-2.653730932011688637e+00
-5.592843396777122944e-01
-1.507564551278991472e+00
-2.172485322686803499e+00
-2.239890657508283311e+00
-1.700860506271079098e+00
-3.325133997810365838e-02
-6.123247153129168785e-01
-1.315364626357553135e+00
-1.022294492354264062e+00
-4.062645293605230634e+00
-1.368815531584989698e+00
-1.607538145239235217e+00
-1.091936639056340974e+00
-1.585179474019377421e+00
-2.838605079563232714e+00
-1.867145392422786099e+00
-1.765567514752204303e+00
-8.363709926346766244e-01
-1.702212064641881462e+00
-6.224611878820648370e-01
2.368508183044650828e-01
-1.952312664328808678e+00
-2.156919882331875371e+00
-1.397171930121633876e+00
-6.809915827824142287e-01
2.880570158110159484e-01
2.468498708549675236e+00
-1.786741206218467992e+00
-2.539925744590707524e-01
-1.819404438055690854e+00
-2.389565481908790368e+00
-1.058043201487909535e+00
-1.246329632425821066e+00
-1.073676922118240062e+00
-1.223749362635279558e+00
-3.325181640200706834e+00
-1.911279553322304370e+00
-1.727374696226795292e+00
-1.204857489041809782e+00
-2.132327459149905291e+00
2.782375646926221968e+00
-2.354266864728246311e+00
-3.888273422538540691e-01
-2.187658214791834865e+00
-1.199972110223004984e+00
-8.326748521075892917e-01
-3.728483007947943628e-01
-7.302821423725909256e-01
-4.685013967814157798e-01
2.712046967994017344e+00
-2.984462508699984973e+00
-1.315567799908116342e+00
5.783448084684198465e-01
-1.356820672492528024e+00
-1.759272810520075225e+00
-1.891227264216116533e+00
-2.654964264176674860e+00
-3.376796023807429492e+00
-1.445278176424473093e+00
-1.758944039885926847e+00
-1.047301263145252292e+00
-2.105134078477302495e+00
-2.251659258757156667e+00
-2.470105691456810693e+00
1.507108022073157860e+00
1.971237202563383084e+00
-2.899131416829441865e-01
-1.926860287228592261e+00
-2.141266190399728320e+00
5.638914383390462026e-01
-2.156737254614899069e+00
-4.034651244262887904e-01
-2.070118559618733478e+00
-1.795699975551776184e+00
-1.091750066617022563e+00
-1.179255036519035738e+00
-1.520011884557187720e+00
-9.867768256021154649e-02
-1.776256556265923159e+00
-8.835688335198682575e-01
-2.020382125270012708e+00
-4.895832424407574601e-01
-1.972222455426344778e+00
-2.279455681505869080e+00
-2.234986752297914769e+00
-7.388077602258618093e-01
-2.416997096573731962e+00
-2.776554433669584654e+00
1.343976603651593438e+00
2.036117456770997425e+00
-1.334127278783824977e+00
1.019902712602027028e+00
-1.220861291530308534e+00
-1.566984764614618886e+00
-5.151080888791619294e-01
-1.440119992526413428e+00
-2.128009890359373379e+00
-3.673798366573428620e+00
-2.827487174297580452e+00
-3.079540604563409389e-01
-8.029713790348366187e-01
2.172309545292750332e+00
2.096088669497472079e+00
-9.920017106780066873e-01
-1.121220868830441697e+00
-5.862760637956208054e-01
-1.975492332530741857e+00
-2.627389168465128044e+00
2.008668324981627062e+00
-2.121726604195655508e+00
-1.943349503516621057e+00
2.740593770169617471e+00
3.968821456602414921e-01
-1.064584271602841081e+00
-1.148064272449176970e+00
-2.816086048019754706e+00
-1.267583529077425331e+00
-1.654439072054385784e+00
-2.956209175079966833e+00
-3.581894234448014469e+00
-1.095341068859088773e+00
-1.452488320427165469e+00
-1.844070182961937254e+00
1.745718900071861146e+00
-6.541586559290623049e-01
-2.015527353644643860e+00
-1.407284693399019293e+00
1.578317953858779932e+00
-7.625797603130576308e-01
-5.118690579979968264e-02
-1.419830508985103545e+00
1.460437325195124980e-01
-3.513664555951693025e+00
-2.137955597096229621e+00
-1.589455081788187618e+00
-1.784499751088392427e+00
2.237608292636750762e-01
-1.852658306349899586e+00
4.489154204925405733e-01
-1.265719559517830106e+00
-1.837526402405396331e+00
-3.835371433323159440e+00
-3.298539529434597051e-01
-9.413625059049725019e-01
-1.604452702897281258e+00
-1.839599890603370591e+00
-2.259298283391056206e+00
1.953692424769537972e+00
-9.994619683645104002e-01
-2.194845780900075205e+00
-1.946098430974936511e+00
-2.205950665983567927e+00
4.192290669653662705e-01
6.996047509867382441e-01
-1.366786372742406497e-01
-1.129268515358830882e+00
-1.720277350637302360e+00
-2.730337362012327684e+00
-2.008799012310590992e+00
-3.530496690328458614e-02
-4.722870747407394432e-01
-2.080056716081295942e+00
-4.495132729265981730e+00
-2.553964742179043235e+00
-2.752228044503783444e+00
-2.043147849563613061e+00
9.856451761023501401e-01
2.561385618239345185e-01
-9.625334483453538148e-01
